0.0 0 0 0.98329 0.0 
1.5 4.5953278967147693e-10 4.08782683598231e-12 0.9831369906061755 0.017492577687321445 
2.5 1.8379808636680627e-09 2.4525494504213043e-11 0.982678012468029 0.034979711412229116 
3.5 4.13489340014605e-09 7.765697857460731e-11 0.981913215694494 0.052455959165249824 
4.5 7.349519240019478e-09 1.798145272291891e-10 0.9808428503969858 0.0699158828417471 
5.5 1.1480807202779994e-08 3.4731280540694794e-10 0.9794672665842439 0.08735405019172948 
6.5 1.6527406528323907e-08 5.964430483464811e-10 0.9777869140152174 0.1047650367665297 
7.5 2.2487667444466238e-08 9.434672276444046e-10 0.9758023420101022 0.12214342786131642 
8.5 2.9359641859730766e-08 1.4046122329350241e-09 0.9735141992196639 0.13948382045240468 
9.5 3.7141084180914884e-08 1.996064072281178e-09 0.9709232333530159 0.15678082512833616 
10.5 4.582945225483855e-08 2.7339620943475367e-09 0.9680302908640475 0.17402906801370654 
11.5 5.5421908433597776e-08 3.6343932354059794e-09 0.9648363165967293 0.19122319268472457 
12.5 6.591532076255536e-08 4.713386294198026e-09 0.9613423533895515 0.2083578620754957 
13.5 7.730626429021462e-08 5.986906237651707e-09 0.9575495416393786 0.22542776037403223 
14.5 8.959102249903622e-08 7.470848540419761e-09 0.9534591188250336 0.24242759490700194 
15.5 1.0276558885617375e-07 9.181033561172697e-09 0.9490724189909547 0.2593520980122387 
16.5 1.168256684830204e-07 1.1133200958544142e-08 0.9443908721912903 0.27619602889805 
17.5 1.317666799423776e-07 1.3343004149587005e-08 0.9394160038948302 0.29295417548837 
18.5 1.4758375714197635e-07 1.5826004813557444e-08 0.9341494343511956 0.3096213562528195 
19.5 1.6427175135300328e-07 1.8597667443799526e-08 0.9285928779187358 0.3261924220207505 
20.5 1.8182523334220682e-07 2.167335395045674e-08 0.9227481423546063 0.3426622577783667 
21.5 2.002384956160843e-07 2.5068318316687473e-08 0.9166171280675282 0.3590257844480289 
22.5 2.195055547755772e-07 2.8797701311010022e-08 0.9102018273337513 0.3752779606488714 
23.5 2.396201539796314e-07 3.2876525258348994e-08 0.9035043234767698 0.39141378443787256 
24.5 2.6057576551591e-07 3.731968887229891e-08 0.896526790011358 0.40742829503054184 
25.5 2.8236559347687956e-07 4.2141962151062816e-08 0.889271489752522 0.4233165745004056 
26.5 3.0498257653942684e-07 4.735798133946361e-08 0.8817407738899775 0.4390737494564925 
27.5 3.2841939084609966e-07 5.2982243959363676e-08 0.8739370810287912 0.4546949926980413 
28.5 3.5266845298600685e-07 5.902910391076472e-08 0.8658629361968384 0.47017552484567443 
29.5 3.7772192307335455e-07 6.551276664579406e-08 0.8575209498197515 0.48551061594830275 
30.5 4.035717079215407e-07 7.24472844177165e-08 0.8489138166640495 0.5006955870650492 
31.5 4.302094643106781e-07 7.984655160704206e-08 0.8400443147491605 0.5157258118215023 
32.5 4.5762660234636544e-07 8.772430012672996e-08 0.8309153042290602 0.5305967179396328 
33.5 4.858142889074804e-07 9.609409490841783e-08 0.8215297262442698 0.5453037887407318 
34.5 5.147634511807215e-07 1.0496932947153209e-07 0.8118906017449689 0.5598425646207522 
35.5 5.444647802795867e-07 1.1436322157706238e-07 0.8020010302859941 0.5742086444974596 
36.5 5.749087349454356e-07 1.242888089677078e-07 0.7918641887945067 0.5883976872288242 
37.5 6.060855453282455e-07 1.3475894519602733e-07 0.7814833303111238 0.6024054130021109 
38.5 6.37985216844639e-07 1.457862955421504e-07 0.7708617827053217 0.6162276046931474 
39.5 6.705975341107303e-07 1.5738333302252665e-07 0.7600029473659266 0.6298601091952806 
40.5 7.039120649473061e-07 1.6956233449111668e-07 0.7489102978675202 0.6432988387175523 
41.5 7.379181644548356e-07 1.8233537683434695e-07 0.7375873786135948 0.6565397720516551 
42.5 7.726049791557791e-07 1.9571433326107463e-07 0.7260378034573 0.6695789558072526 
43.5 8.079614512016439e-07 2.09710869688729e-07 0.7142652543006301 0.6824125056152759 
44.5 8.439763226422219e-07 2.2433644122671754e-07 0.7022734796729085 0.6950366072988349 
45.5 8.806381397544266e-07 2.396022887581066e-07 0.6900662932894258 0.7074475180114066 
46.5 9.17935257428135e-07 2.5551943562050745e-07 0.677647572591098 0.7196415673419916 
47.5 9.55855843606434e-07 2.720986843870206e-07 0.6650212572660097 0.7316151583869541 
48.5 9.943878837776584e-07 2.893506137480129e-07 0.6521913477537122 0.7433647687882887 
49.5 1.0335191855166128e-06 3.072855754944249e-07 0.6391619037331456 0.7548869517380802 
50.5 1.0732373830723577e-06 3.259136916032274e-07 0.6259370425950553 0.7661783369489509 
51.5 1.11352994199995e-06 3.452448514255712e-07 0.6125209378997744 0.7772356315903152 
52.5 1.154384163833528e-06 3.6528870897809704e-07 0.5989178178212387 0.7880556211902847 
53.5 1.195787190798137e-06 3.860546803377975e-07 0.5851319635781032 0.7986351705030942 
54.5 1.237726010557702e-06 4.0755194114074905e-07 0.5711677078528224 0.8089712243419418 
55.5 1.2801874609965627e-06 4.2978942418495776e-07 0.5570294331995557 0.8190608083771632 
56.5 1.3231582350320012e-06 4.527758171374911e-07 0.5427215704417521 0.8289010298996817 
57.5 1.3666248854552081e-06 4.7651956034599557e-07 0.5282485970602679 0.8384890785497012 
58.5 1.410573829798147e-06 5.010288447546306e-07 0.5136150355728596 0.8478222270106321 
59.5 1.4549913552238025e-06 5.263116099243798e-07 0.4988254519058907 0.8568978316682633 
60.5 1.4998636234373156e-06 5.52375542157632e-07 0.483884453759085 0.8657133332352147 
61.5 1.5451766756155317e-06 5.792280727268603e-07 0.46879668896414745 0.8742662573407298 
62.5 1.590916437352518e-06 6.068763762071595e-07 0.45356684383806917 0.8825542150858859 
63.5 1.6370687236186296e-06 6.353273689123404e-07 0.4381996415319205 0.8905749035643237 
64.5 1.6836192437307335e-06 6.645877074342178e-07 0.4226998403759285 0.8983261063486162 
65.5 1.7305536063312355e-06 6.946637872846667e-07 0.40707223222162453 0.9058056939424203 
66.5 1.777857324373578e-06 7.255617416399638e-07 0.39132164078183573 0.9130116241985695 
67.5 1.8255158201119224e-06 7.572874401868732e-07 0.37545291996928454 0.91994194270329 
68.5 1.8735144300927541e-06 7.898464880698801e-07 0.35947095223454684 0.9265947831267369 
69.5 1.9218384101461955e-06 8.232442249389229e-07 0.3433806469041084 0.9329683675400691 
70.5 1.9704729403748423e-06 8.574857240969187e-07 0.3271869385192456 0.9390610066992945 
71.5 2.01940313013798e-06 8.92575791746333e-07 0.3108947851764435 0.9448711002961384 
72.5 2.0686140230290856e-06 9.285189663339889e-07 0.29450916687005163 0.9503971371762002 
73.5 2.118090601844546e-06 9.653195179932686e-07 0.27803508383786224 0.9556376955246823 
74.5 2.167817793541586e-06 1.0029814480828148e-06 0.26147755491028307 0.9605914430199872 
75.5 2.2177804741834244e-06 1.0415084888207935e-06 0.24484161586376177 0.9652571369554965 
76.5 2.267963473869735e-06 1.0809041030137417e-06 0.22813231777910362 0.9696336243298551 
77.5 2.3183515816505265e-06 1.1211714838789834e-06 0.21135472540530995 0.9737198419061012 
78.5 2.3689295504216082e-06 1.1623135549595582e-06 0.1945139155295488 0.9775148162399923 
79.5 2.419682101799844e-06 1.204332970130572e-06 0.17761497535385415 0.9810176636778908 
80.5 2.470593930976457e-06 1.2472321136958471e-06 0.16066300087913407 0.9842275903245825 
81.5 2.5216497115466888e-06 1.2910131005737135e-06 0.1436630952970526 0.987143891981414 
82.5 2.572834100314162e-06 1.3356777765707573e-06 0.1266203673903338 0.9897659540551433 
83.5 2.624131742068351e-06 1.381227718742311e-06 0.10953992994202053 0.9920932514379094 
84.5 2.675527274333606e-06 1.4276642358384445e-06 0.09242689815420416 0.9941253483587305 
85.5 2.7270053320882335e-06 1.4749883688341924e-06 0.07528638807672541 0.9958618982069563 
86.5 2.7785505524521773e-06 1.5232008915427294e-06 0.058123515046329795 0.9973026433281006 
87.5 2.830147579341898e-06 1.5723023113101851e-06 0.04094339213674506 0.9984474147924908 
88.5 2.8817810680910955e-06 1.6222928697907698e-06 0.023751128620131713 0.999296132137176 
89.5 2.933435690035968e-06 1.6731725438008656e-06 0.006551828440341129 0.9998488030815432 
90.5 2.9850961370637556e-06 1.7249410462507222e-06 -0.010649411301600291 1.0001055232170921 
91.5 3.0367471261233578e-06 1.7775978271523831e-06 -0.027847501849378842 1.0000664756718298 
92.5 3.088373403696862e-06 1.8311420747024528e-06 -0.04503736428026714 0.9997319307497436 
93.5 3.1399597502308808e-06 1.885572716438308e-06 -0.06221393098061377 0.9991022455458214 
94.5 3.191490984526625e-06 1.940888420466346e-06 -0.07937214710759506 0.9981778635370843 
95.5 3.2429519680877085e-06 1.9970875967608565e-06 -0.09650697203689079 0.9969593141501059 
96.5 3.2943276094247045e-06 2.054168398532091e-06 -0.11361338079596156 0.9954472123054886 
97.5 3.3456028683155414e-06 2.112128723662113e-06 -0.1306863654826209 0.9936422579397731 
98.5 3.396762760020857e-06 2.1709662162069965e-06 -0.14772093666861047 0.9915452355052558 
99.5 3.4477923594534843e-06 2.2306782679639393e-06 -0.16471212478790234 0.9891570134481903 
100.5 3.49867680530128e-06 2.2912620201018704e-06 -0.18165498150946655 0.9864785436658494 
101.5 3.5494013041025608e-06 2.352714364854117e-06 -0.19854458109425765 0.983510860942922 
102.5 3.599951134273445e-06 2.415031947271705e-06 -0.21537602173618808 0.9802550823677212 
103.5 3.6503116500864483e-06 2.4782111670358733e-06 -0.23214442688687037 0.9767124067286764 
104.5 3.700468285599722e-06 2.542248180328385e-06 -0.24884494656392472 0.9728841138915809 
105.5 3.7504065585363595e-06 2.6071389017582228e-06 -0.2654727586426619 0.9687715641580655 
106.5 3.800112074113248e-06 2.672879006343263e-06 -0.28202307013096484 0.9643761976057652 
107.5 3.849570528818967e-06 2.739463931545542e-06 -0.298491118427206 0.9596995334106427 
108.5 3.898767714140288e-06 2.8068888793587178e-06 -0.31487217256105 0.9547431691519316 
109.5 3.947689520236866e-06 2.875148818446361e-06 -0.33116153441700424 0.9495087801001555 
110.5 3.996321939563728e-06 2.9442384863297073e-06 -0.34735453994059207 0.9439981184886782 
111.5 4.04465107044125e-06 3.0141523916235214e-06 -0.3634465603270354 0.9382130127692336 
112.5 4.092663120572288e-06 3.084884816318735e-06 -0.3794330031923453 0.9321553668518823 
113.5 4.140344410506207e-06 3.156429818110537e-06 -0.3953093137267313 0.9258271593298334 
114.5 4.187681377049571e-06 3.228781232770604e-06 -0.41107097583024893 0.9192304426895697 
115.5 4.23466057662329e-06 3.3019326765621817e-06 -0.4267135132306196 0.9123673425067041 
116.5 4.281268688566042e-06 3.3758775486967405e-06 -0.44223249058316344 0.9052400566279943 
117.5 4.3274925183838455e-06 3.4506090338309437e-06 -0.45762351455279837 0.8978508543399331 
118.5 4.373319000945645e-06 3.5261201046026916e-06 -0.4728822348780679 0.890202075524329 
119.5 4.418735203624848e-06 3.6024035242050155e-06 -0.48800434541716886 0.882296129801284 
120.5 4.4637283293867416e-06 3.679451848996618e-06 -0.5029855851759606 0.8741354956599688 
121.5 4.508285719821762e-06 3.7572574311478774e-06 -0.5178217393179447 0.86572271957759 
122.5 4.5523948581246125e-06 3.835812421321148e-06 -0.5325086401562139 0.8570604151269371 
123.5 4.596043372019249e-06 3.915108771384217e-06 -0.5470421681273759 0.848151262072891 
124.5 4.639219036629768e-06 3.9951382371557895e-06 -0.5614182527474666 0.8389980054582666 
125.5 4.681909777297274e-06 4.075892381181905e-06 -0.5756328735498732 0.8296034546793571 
126.5 4.7241036723428e-06 4.1573625755422e-06 -0.5896820610052973 0.8199704825515406 
127.5 4.76578895577639e-06 4.239540004684956e-06 -0.6035618974237908 0.8101020243653004 
128.5 4.806954019952473e-06 4.322415668289909e-06 -0.6172685178389093 0.8000010769330058 
129.5 4.847587418171674e-06 4.405980384157783e-06 -0.6307981108740275 0.7896706976267894 
130.5 4.887677867229201e-06 4.490224791125575e-06 -0.6441469195908721 0.7791140034078532 
131.5 4.92721424991002e-06 4.575139352006615e-06 -0.6573112423203309 0.7683341698475252 
132.5 4.966185617430977e-06 4.66071435655445e-06 -0.670287433475601 0.7573344301403833 
133.5 5.004581191830094e-06 4.746939924449625e-06 -0.6830719043477465 0.7461180741097528 
134.5 5.042390368303255e-06 4.833806008308476e-06 -0.6956611238837364 0.7346884472058794 
135.5 5.0796027174885e-06 4.921302396713033e-06 -0.7080516194470431 0.7230489494970693 
136.5 5.116207987698199e-06 5.0094187172611876e-06 -0.7202399775608799 0.7112030346540822 
137.5 5.152196107099326e-06 5.098144439636299e-06 -0.7322228446341639 0.6991542089280549 
138.5 5.1875571858421304e-06 5.18746887869541e-06 -0.7439969276702916 0.6869060301222253 
139.5 5.222281518137449e-06 5.2773811975752946e-06 -0.7555589949588177 0.674462106557719 
140.5 5.256359584282963e-06 5.367870410815577e-06 -0.7669058767501314 0.6618260960336548 
141.5 5.289782052638673e-06 5.458925387498161e-06 -0.7780344659132251 0.649001704781816 
142.5 5.322539781551889e-06 5.550534854402265e-06 -0.7889417185766537 0.6359926864161272 
143.5 5.35462382123204e-06 5.642687399174353e-06 -0.7996246547527844 0.6228028408771717 
144.5 5.3860254155756006e-06 5.7353714735122825e-06 -0.8100803589454376 0.6094360133719732 
145.5 5.416736003941445e-06 5.828575396363022e-06 -0.820305980741022 0.5958960933092609 
146.5 5.44674722287694e-06 5.922287357133292e-06 -0.8302987353832665 0.5821870132304314 
147.5 5.476050907795084e-06 6.0164954189125205e-06 -0.8400559043316532 0.5683127477364098 
148.5 5.504639094603014e-06 6.111187521707514e-06 -0.8495748358036572 0.5542773124106087 
149.5 5.53250402128219e-06 6.206351485688282e-06 -0.858852945300896 0.540084762738177 
150.5 5.559638129420573e-06 6.3019750144444434e-06 -0.8678877161192946 0.525739193021721 
151.5 5.586034065697113e-06 6.3980456982516975e-06 -0.8766766998433718 0.5112447352936781 
152.5 5.611684683318857e-06 6.494551017347831e-06 -0.8852175168247494 0.49660555822551233 
153.5 5.636583043410985e-06 6.591478345217773e-06 -0.8935078566449896 0.48182586603389876 
154.5 5.660722416360091e-06 6.688814951887219e-06 -0.9015454785628636 0.46690989738405453 
155.5 5.684096283111009e-06 6.78654800722436e-06 -0.9093282119461512 0.4518619242903706 
156.5 5.706698336417477e-06 6.884664584249282e-06 -0.9168539566880726 0.43668625101449104 
157.5 5.7285224820469505e-06 6.9831516624506e-06 -0.9241206836084512 0.42138721296098164 
158.5 5.74956283993985e-06 7.081996131108924e-06 -0.9311264348397047 0.40596917557072354 
159.5 5.769813745323526e-06 7.1811847926267695e-06 -0.9378693241977588 0.39043653321216315 
160.5 5.789269749781221e-06 7.280704365864527e-06 -0.9443475375379778 0.3747937080705433 
161.5 5.807925622276309e-06 7.380541489482129e-06 -0.9505593330962023 0.35904514903523643 
162.5 5.825776350132075e-06 7.480682725286078e-06 -0.9565030418149831 0.34319533058529506 
163.5 5.842817139967288e-06 7.581114561581487e-06 -0.9621770676550975 0.3272487516733303 
164.5 5.859043418587828e-06 7.68182341652883e-06 -0.9675798878924313 0.31120993460782514 
165.5 5.874450833834604e-06 7.782795641505084e-06 -0.9727100534003076 0.295083423933984 
166.5 5.889035255387992e-06 7.884017524468968e-06 -0.9775661889173392 0.27887378531321644 
167.5 5.902792775529033e-06 7.985475293330013e-06 -0.9821469933008812 0.26258560440134904 
168.5 5.915719709857585e-06 8.087155119321173e-06 -0.9864512397661537 0.2462234857256552 
169.5 5.9278125979676505e-06 8.18904312037473e-06 -0.9904777761111032 0.22979205156078913 
170.5 5.939068204080072e-06 8.291125364501241e-06 -0.9942255249270685 0.21329594080370748 
171.5 5.949483517632766e-06 8.393387873171284e-06 -0.9976934837953113 0.19673980784765777 
172.5 5.959055753828695e-06 8.49581662469978e-06 -1.0008807254694703 0.1801283214553108 
173.5 5.967782354141704e-06 8.59839755763266e-06 -1.003786398043992 0.1634661636311108 
174.5 5.975660986780416e-06 8.70111657413567e-06 -1.0064097251085888 0.1467580284929144 
175.5 5.982689547110286e-06 8.803959543385097e-06 -1.0087500058887715 0.1300086211429875 
176.5 5.988866158033966e-06 8.90691230496024e-06 -1.0108066153724982 0.11322265653842677 
177.5 5.994189170330088e-06 9.009960672237404e-06 -1.0125790044229772 0.0964048583610699 
178.5 5.998657162950572e-06 9.113090435785236e-06 -1.0140666998776606 0.07955995788695804 
179.5 6.00226894327654e-06 9.21628736676123e-06 -1.015269304633457 0.06269269285541096 
180.5 6.005023547332934e-06 9.319537220309218e-06 -1.0161864977181911 0.04580780633777534 
181.5 6.0069202399618875e-06 9.422825738957658e-06 -1.0168180343483302 0.028910045605904287 
182.5 6.007958514954911e-06 9.526138656018563e-06 -1.0171637459729983 0.012004161000425949 
183.5 6.00813809514393e-06 9.629461698986892e-06 -1.0172235403042895 -0.004905095201141992 
184.5 6.007458932451211e-06 9.732780592940229e-06 -1.01699740133389 -0.021812969916375713 
185.5 6.0059212078981776e-06 9.836081063938592e-06 -1.016485389336015 -0.0387147103899706 
186.5 6.0035253315731295e-06 9.939348842424208e-06 -1.0156876408566604 -0.05560556532575278 
187.5 6.000271942557856e-06 1.0042569666621065e-05 -1.0146043686891661 -0.07248078601862107 
188.5 5.99616190881311e-06 1.0145729285934094e-05 -1.0132358618360835 -0.08933562748636314 
189.5 5.991196327022913e-06 1.0248813464347805e-05 -1.011582485457334 -0.1061653496012894 
190.5 5.985376522397647e-06 1.03518079838242e-05 -1.0096446808046449 -0.12296521822162729 
191.5 5.978704048435857e-06 1.0454698647699792e-05 -1.0074229651422375 -0.13973050632261783 
192.5 5.971180686644711e-06 1.0557471284081556e-05 -1.0049179316537493 -0.15645649512725515 
193.5 5.962808446219008e-06 1.0660111749241618e-05 -1.0021302493353554 -0.17313847523660836 
194.5 5.953589563678658e-06 1.0762605931010509e-05 -0.9990606628750588 -0.1897717477596636 
195.5 5.943526502464498e-06 1.0864939752168786e-05 -0.9957099925181129 -0.2063516254426226 
196.5 5.932621952492351e-06 1.0967099173836818e-05 -0.9920791339185352 -0.22287343379759164 
197.5 5.92087882966516e-06 1.1069070198862546e-05 -0.9881690579766659 -0.2393325122305934 
198.5 5.908300275343076e-06 1.117083887520699e-05 -0.9839808106627234 -0.2557242151688309 
199.5 5.894889655771328e-06 1.1272391299327294e-05 -0.9795155128263043 -0.2720439131871314 
200.5 5.880650561465711e-06 1.1373713619557084e-05 -0.9747743599917715 -0.2882869941334935 
201.5 5.865586806555515e-06 1.1474792039483892e-05 -0.9697586221394691 -0.3044488642536608 
202.5 5.849702428083689e-06 1.1575612821323416e-05 -0.9644696434727024 -0.3205249493146384 
203.5 5.833001685264066e-06 1.1676162289290343e-05 -0.9589088421704154 -0.33651069572706854 
204.5 5.815489058695402e-06 1.177642683296549e-05 -0.9530777101254942 -0.3524015716663768 
205.5 5.7971692495320425e-06 1.1876392910658962e-05 -0.9469778126686245 -0.36819306819259595 
206.5 5.778047178610965e-06 1.1976047052769072e-05 -0.940610788277625 -0.38388070036877164 
207.5 5.758127985534964e-06 1.207537586513667e-05 -0.9339783482721792 -0.39946000837785006 
208.5 5.737417027711732e-06 1.2174366032394621e-05 -0.92708227649388 -0.4149265586379425 
209.5 5.71591987934858e-06 1.2273004321312079e-05 -0.9199244289715047 -0.43027594491585786 
210.5 5.693642330402535e-06 1.237127758413321e-05 -0.9125067335714313 -0.44550378943879 
211.5 5.670590385485536e-06 1.2469172761910025e-05 -0.9048311896331057 -0.4606057440040406 
212.5 5.646770262724465e-06 1.2566676887828934e-05 -0.8968998675894683 -0.47557749108665515 
213.5 5.622188392575717e-06 1.266377709053066e-05 -0.8887149085722446 -0.4904147449448427 
214.5 5.596851416594021e-06 1.276046059742308e-05 -0.8802785240020042 -0.5051132527230456 
215.5 5.57076618615523e-06 1.2856714737986595e-05 -0.8715929951628891 -0.5196687955525204 
216.5 5.543939761132755e-06 1.2952526947071595e-05 -0.8626606727619118 -0.5340771896492841 
217.5 5.516379408527366e-06 1.3047884768187555e-05 -0.8534839764727231 -0.5483342874092756 
218.5 5.488092601050038e-06 1.3142775856783293e-05 -0.8440653944637456 -0.5624359785005755 
219.5 5.459087015657534e-06 1.3237187983517908e-05 -0.8344074829105713 -0.5763781909525211 
220.5 5.429370532040414e-06 1.3331109037521886e-05 -0.8245128654925182 -0.5901568922415483 
221.5 5.398951231063158e-06 1.3424527029647851e-05 -0.8143842328732418 -0.6037680903735843 
222.5 5.3678373931560846e-06 1.3517430095710406e-05 -0.8040243421652964 -0.6172078349628093 
223.5 5.336037496658749e-06 1.3609806499714505e-05 -0.7934360163785419 -0.6304722183066004 
224.5 5.303560216114515e-06 1.3701644637071777e-05 -0.7826221438522903 -0.6435573764564598 
225.5 5.270414420515971e-06 1.379293303780418e-05 -0.7715856776710887 -0.6564594902847278 
226.5 5.2366091715008975e-06 1.3883660369734365e-05 -0.7603296350640332 -0.6691747865468703 
227.5 5.2021537214984595e-06 1.3973815441662106e-05 -0.7488570967875133 -0.6816995389391262 
228.5 5.167057511825329e-06 1.4063387206526122e-05 -0.7371712064912828 -0.6940300691512897 
229.5 5.131330170731435e-06 1.4152364764550603e-05 -0.7252751700677571 -0.7061627479144004 
230.5 5.09498151139504e-06 1.4240737366375713e-05 -0.7131722549844405 -0.7180939960430999 
231.5 5.0580215298668545e-06 1.4328494416171355e-05 -0.7008657895993834 -0.7298202854724137 
232.5 5.020460402962911e-06 1.4415625474733437e-05 -0.6883591624595776 -0.7413381402887043 
233.5 4.982308486105911e-06 1.4502120262561836e-05 -0.6756558215821963 -0.7526441377545354 
234.5 4.943576311114785e-06 1.4587968662919293e-05 -0.6627592737185896 -0.7637349093271825 
235.5 4.904274583942209e-06 1.467316072487039e-05 -0.6496730836009503 -0.7746071416705121 
236.5 4.864414182359815e-06 1.4757686666299767e-05 -0.6364008731715667 -0.7852575776599506 
237.5 4.824006153590876e-06 1.4841536876908706e-05 -0.6229463207945829 -0.7956830173802495 
238.5 4.783061711890234e-06 1.4924701921189207e-05 -0.6093131604501931 -0.8058803191157529 
239.5 4.741592236071246e-06 1.5007172541374612e-05 -0.5955051809111976 -0.8158464003328605 
240.5 4.699609266979574e-06 1.508893966036586e-05 -0.5815262249018559 -0.8255782386543742 
241.5 4.657124504913614e-06 1.5169994384632397e-05 -0.5673801882389745 -0.8350728728254079 
242.5 4.614149806991408e-06 1.5250328007086776e-05 -0.553071018955175 -0.8443274036705333 
243.5 4.570697184463889e-06 1.532993200993192e-05 -0.538602716404291 -0.8533389950418263 
244.5 4.526778799974314e-06 1.5408798067480034e-05 -0.5239793303488515 -0.8621048747574723 
245.5 4.482406964763793e-06 1.5486918048942107e-05 -0.5092049600296101 -0.87062233553058 
246.5 4.437594135822792e-06 1.5564284021186942e-05 -0.4942837532170918 -0.8788887358878467 
247.5 4.392352912988562e-06 1.564088825146861e-05 -0.47921990524513003 -0.886901501077711 
248.5 4.346696035988432e-06 1.5716723210121208e-05 -0.46401765802638 -0.8946581239676222 
249.5 4.300636381428932e-06 1.5791781573219808e-05 -0.4486812990497958 -0.9021561659300465 
250.5 4.254186959730754e-06 1.586605622520642e-05 -0.4332151603600717 -0.9093932577168272 
251.5 4.207360912009558e-06 1.5939540261479794e-05 -0.417623617519054 -0.9163671003215051 
252.5 4.1601715069026874e-06 1.601222699094788e-05 -0.4019110885491391 -0.9230754658292022 
253.5 4.112632137341844e-06 1.6084109938541703e-05 -0.386082032858681 -0.9295161982536623 
254.5 4.064756317271844e-06 1.6155182847689447e-05 -0.3701409501494439 -0.9356872143610399 
255.5 4.016557678315572e-06 1.622543968274949e-05 -0.35409237930614207 -0.9415865044800187 
256.5 3.968049966385308e-06 1.6294874631401098e-05 -0.3379408972681201 -0.9472121332978376 
257.5 3.9192470382405974e-06 1.636348210699152e-05 -0.32169111788323873 -0.9525622406417955 
258.5 3.87016285799291e-06 1.6431256750838176e-05 -0.30534769074403906 -0.957635042245802 
259.5 3.820811493557328e-06 1.649819343448459e-05 -0.2889153000062714 -0.9624288305015346 
260.5 3.771207113051565e-06 1.656428726190879e-05 -0.2723986631898854 -0.966941975193759 
261.5 3.7213639811426282e-06 1.6629533571682774e-05 -0.25580252996258945 -0.9711729242193643 
262.5 3.6712964553415002e-06 1.6693927939081732e-05 -0.23913168090609963 -0.9751202042896608 
263.5 3.6210189822462267e-06 1.6757466178141607e-05 -0.22239092626521118 -0.9787824216154841 
264.5 3.570546093733849e-06 1.6820144343663647e-05 -0.2055851046798368 -0.9821582625746448 
265.5 3.5198924031016592e-06 1.688195873316455e-05 -0.18871908190017023 -0.9852464943612611 
266.5 3.4690726011582855e-06 1.6942905888770784e-05 -0.17179774948514598 -0.9880459656165078 
267.5 3.4181014522651663e-06 1.7002982599055697e-05 -0.15482602348437932 -0.9905556070403126 
268.5 3.366993790329006e-06 1.706218590081799e-05 -0.1378088431037853 -0.9927744319835289 
269.5 3.3157645147458497e-06 1.712051308080013e-05 -0.12075116935508814 -0.994701537020111 
270.5 3.264428586297457e-06 1.717796167734527e-05 -0.1036579836894478 -0.9963361024988192 
271.5 3.213001023000696e-06 1.7234529481991293e-05 -0.08653428661544403 -0.9976773930739774 
272.5 3.161496895910726e-06 1.7290214541000493e-05 -0.06938509630167355 -0.9987247582148082 
273.5 3.109931324878782e-06 1.734501515682348e-05 -0.052215447164230454 -0.9994776326928692 
274.5 3.058319474265412e-06 1.73989298894959e-05 -0.03503038843935513 -0.9999355370471139 
275.5 3.0066765486100784e-06 1.7451957557966543e-05 -0.017834982741552555 -1.000098078026104 
276.5 2.955017788258066e-06 1.750409724135537e-05 -0.000634304607495792 -0.9999649490068963 
277.5 2.9033584649456955e-06 1.75553482801401e-05 0.016566560973953398 -0.9995359303901359 
278.5 2.8517138773448864e-06 1.7605710277269914e-05 0.03376252004525942 -0.9988108899708822 
279.5 2.800099346568162e-06 1.765518309920488e-05 0.05094847117689971 -0.9977897832847037 
280.5 2.7485302116352307e-06 1.77037668768797e-05 0.06811930697684421 -0.9964726539285765 
281.5 2.69702182490234e-06 1.775146200659043e-05 0.08526991561243176 -0.9948596338561274 
282.5 2.645589547455631e-06 1.7798269150802738e-05 0.10239518234423182 -0.9929509436467654 
283.5 2.594248744469786e-06 1.784418923888044e-05 0.11948999107146324 -0.9907468927482528 
284.5 2.5430147805333016e-06 1.788922346773289e-05 0.13654922588852572 -0.9882478796922699 
285.5 2.491903014941769e-06 1.7933373302379964e-05 0.15356777265218335 -0.9854543922825353 
286.5 2.440928796960597e-06 1.7976640476433325e-05 0.1705405205589231 -0.9823670077550495 
287.5 2.390107461058658e-06 1.801902699249268e-05 0.18746236373199454 -0.9789863929100378 
288.5 2.3394543221143896e-06 1.806053512245581e-05 0.20432820281762162 -0.9753133042151757 
289.5 2.2889846705959297e-06 1.8101167407741097e-05 0.22113294658986 -0.9713485878796889 
290.5 2.238713767716914e-06 1.81409266594214e-05 0.23787151356355796 -0.967093179898928 
291.5 2.1886568405696128e-06 1.817981595826809e-05 0.25453883361486296 -0.9625481060690296 
292.5 2.1388290772371295e-06 1.8217838654704112e-05 0.2711298496086993 -0.957714481971286 
293.5 2.089245621886437e-06 1.8254998368664943e-05 0.2876395190326272 -0.9525935129258527 
294.5 2.039921569844063e-06 1.8291298989366426e-05 0.30406281563647775 -0.9471864939144414 
295.5 1.9908719626562985e-06 1.8326744674978403e-05 0.3203947310771429 -0.9414948094716509 
296.5 1.9421117831358303e-06 1.836133985220317e-05 0.3366302765678841 -0.9355199335446069 
297.5 1.8936559503967609e-06 1.8395089215757794e-05 0.3527644845315088 -0.929263429320594 
298.5 1.8455193148800091e-06 1.842799772775941e-05 0.3687924102567493 -0.9227269490223735 
299.5 1.7977166533711382e-06 1.8460070617012583e-05 0.38470913355716274 -0.9159122336709009 
300.5 1.750262664012694e-06 1.849131337819794e-05 0.40050976043185993 -0.9088211128151688 
301.5 1.7031719613131787e-06 1.8521731770961312e-05 0.41618942472735365 -0.9014555042289174 
302.5 1.656459071154827e-06 1.855133181890263e-05 0.4317432897998059 -0.8938174135739729 
303.5 1.610138425802389e-06 1.8580119808463926e-05 0.4471665501769403 -0.8859089340299883 
304.5 1.564224358915161e-06 1.860810228771583e-05 0.46245443321887236 -0.8777322458903817 
305.5 1.518731100564543e-06 1.863528606504195e-05 0.47760220077709997 -0.8692896161242852 
306.5 1.4736727722594372e-06 1.8661678207720693e-05 0.4926051508508833 -0.860583397904334 
307.5 1.4290633819818313e-06 1.8687286040404042e-05 0.5074586192402332 -0.8516160301001461 
308.5 1.3849168192349447e-06 1.8712117143492887e-05 0.5221579811947163 -0.8423900367373649 
309.5 1.3412468501063468e-06 1.8736179351408618e-05 0.5366986530572757 -0.8329080264221547 
310.5 1.298067112348482e-06 1.8759480750760688e-05 0.5510760939022548 -0.8231726917310599 
311.5 1.2553911104790645e-06 1.878202967840997e-05 0.5652858071668059 -0.8131868085661635 
312.5 1.2132322109038274e-06 1.8803834719427736e-05 0.5793233422748552 -0.8029532354754989 
313.5 1.1716036370641393e-06 1.882490470495025e-05 0.5931842962527877 -0.7924749129386925 
314.5 1.130518464612015e-06 1.8845248709928903e-05 0.6068643153360112 -0.7817548626178392 
315.5 1.0899896166150704e-06 1.8864876050776034e-05 0.6203590965655494 -0.7707961865736325 
316.5 1.0500298587939848e-06 1.8883796282906527e-05 0.6336643893738113 -0.7596020664467987 
317.5 1.0106517947950518e-06 1.8902019198175418e-05 0.6467759971586766 -0.7481757626049059 
318.5 9.718678615004075e-07 1.891955482221181e-05 0.6596897788450371 -0.7365206132546421 
319.5 9.336903243785367e-07 1.8936413411649443e-05 0.6724016504329259 -0.7246400335196858 
320.5 8.961312728776652e-07 1.8952605451254352e-05 0.6849075865313671 -0.7125375144843114 
321.5 8.592026158646492e-07 1.8968141650950144e-05 0.6972036218770763 -0.7002166222029022 
322.5 8.229160771119774e-07 1.8983032942741462e-05 0.7092858528371417 -0.6876809966755658 
323.5 7.872831908354984e-07 1.8997290477536316e-05 0.7211504388948148 -0.6749343507900744 
324.5 7.52315297285487e-07 1.9010925621868025e-05 0.732793604117541 -0.6619804692303753 
325.5 7.180235383936526e-07 1.902394995451757e-05 0.744211638606364 -0.6488232073519486 
326.5 6.844188534786895e-07 1.9036375263037274e-05 0.7554008999258365 -0.6354664900243079 
327.5 6.515119750129554e-07 1.904821354017681e-05 0.7663578145135782 -0.6219143104409713 
328.5 6.193134244528523e-07 1.9059476980212538e-05 0.7770788790686225 -0.6081707288972551 
329.5 5.878335081354666e-07 1.907017797518134e-05 0.7875606619177012 -0.5942398715362658 
330.5 5.570823132440082e-07 1.908032911102019e-05 0.7977998043586216 -0.5801259290634969 
331.5 5.270697038445651e-07 1.9089943163612677e-05 0.8077930219798972 -0.5658331554304593 
332.5 4.978053169966666e-07 1.9099033094743954e-05 0.8175371059558034 -0.5513658664878015 
333.5 4.6929855894012087e-07 1.9107612047965456e-05 0.8270289243160357 -0.5367284386084021 
334.5 4.415586013605627e-07 1.911569334437098e-05 0.8362654231891601 -0.5219253072809422 
335.5 4.145943777361155e-07 1.9123290478285712e-05 0.8452436280190554 -0.5069609656744906 
336.5 3.884145797675344e-07 1.9130417112869866e-05 0.8539606447535588 -0.4918399631746606 
337.5 3.6302765389416117e-07 1.9137087075638705e-05 0.862413661004539 -0.47656690389192247 
338.5 3.3844179789797993e-07 1.9143314353900752e-05 0.8705999471786343 -0.4611464451426782 
339.5 3.1466495759801963e-07 1.914911309011611e-05 0.878516857577909 -0.4455832959037328 
340.5 2.917048236373024e-07 1.9154497577176852e-05 0.8861618314696941 -0.4298822152408172 
341.5 2.6956882836448885e-07 1.915948225361151e-05 0.8935323941248979 -0.4140480107118439 
342.5 2.4826414281231965e-07 1.9164081698715814e-05 0.9006261578240858 -0.39808553674559727 
343.5 2.2779767377489959e-07 1.916831062761181e-05 0.9074408228306492 -0.38199969299658515 
344.5 2.0817606098581247e-07 1.9172183886237643e-05 0.913974178330401 -0.36579542267679865 
345.5 1.8940567439899773e-07 1.917571644627029e-05 0.9202241033369548 -0.34947771086514984 
346.5 1.7149261157425788e-07 1.9178923399983635e-05 0.9261885675622658 -0.33305158279537683 
347.5 1.544426951692022e-07 1.9181819955044304e-05 0.9318656322517306 -0.3165221021232274 
348.5 1.3826147053936677e-07 1.9184421429247756e-05 0.9372534509832698 -0.2998943691737504 
349.5 1.2295420344818223e-07 1.9186743245197188e-05 0.9423502704298334 -0.2831735191695441 
350.5 1.085258778883912e-07 1.9188800924927847e-05 0.9471544310847974 -0.2663647204408285 
351.5 9.498119401644455e-08 1.919061008447941e-05 0.9516643679497424 -0.24947317261822619 
352.5 8.232456620133211e-08 1.919218642841915e-05 0.9558786111841296 -0.23250410480915307 
353.5 7.056012118922697e-08 1.919354574431861e-05 0.9597957867164137 -0.21546277375873576 
354.5 5.969169638524482e-08 1.9194703897186638e-05 0.963414616816161 -0.19835446199618806 
355.5 4.9722838253540575e-08 1.919567682386156e-05 0.9667339206267651 -0.1811844759675926 
356.5 4.065680083688303e-08 1.9196480527365417e-05 0.9697526146583799 -0.16395814415604748 
357.5 3.2496544396766124e-08 1.9197131071223197e-05 0.9724697132407183 -0.14668081519014975 
358.5 2.524473417503114e-08 1.919764457374995e-05 0.9748843289353913 -0.1293578559417993 
359.5 1.890373927788915e-08 1.919803720230886e-05 0.9769956729074923 -0.11199464961431718 
360.5 1.347563168314649e-08 1.9198325167543195e-05 0.9788030552561584 -0.09459659382188207 
361.5 8.962185371348603e-09 1.9198524717585274e-05 0.9803058853038709 -0.07716909866129691 
362.5 5.364875581469232e-09 1.919865213224542e-05 0.9815036718442867 -0.059717584777105766 
363.5 2.6848781916826433e-09 1.9198723717184046e-05 0.982396023348421 -0.04224748142108724 
364.5 9.230692256666152e-10 1.9198755798069944e-05 0.982982648129032 -0.024764224507156513 
365.5 8.002448479340613e-11 1.9198764714727903e-05 0.9832633544630894 -0.0072732546627126745 
366.0 -1.1175362760465378e-10 1.919876542517972e-05 0.9833272103040356 0.0014734781800627185 
