0 0 147100000000.0 0.0 
68.74352765544478 0.6114474615549947 147077103524.6384 2616593144.583761 
274.9516537104229 3.668466220814555 147008421578.29947 5232371740.294739 
618.5570168057161 11.615753496963858 146893976597.0984 7846521529.390354 
1099.447379252092 26.89625881420457 146733805964.15433 10458228836.23454 
1717.465673871046 51.95031130894635 146527961993.98914 13066680857.966408 
2472.4100695249617 89.21474842134516 146276511910.70126 15671065954.70782 
3364.0340552898865 141.1220464305179 145979537819.93018 18270573939.15691 
4392.04654321085 210.09945329095072 145637136674.63153 20864396365.4151 
5556.111989566468 298.5681242253586 145249420234.68747 23451726816.896072 
6855.850534556473 408.94226052655165 144816515020.38077 26031761193.165882 
8290.838160312855 543.6282520177205 144338562259.7659 28603697995.56456 
9860.606867122417 705.0238236169778 143815717829.9744 31166738611.460728 
11564.644867735868 895.5171864479896 143248152192.49612 33720087596.992012 
13402.396799626034 1117.4861939341054 142636050322.48227 36262952958.14562 
15373.263955045397 1373.297503308555 141979611632.1198 38794546430.03499 
17476.604528721 1665.3057429680405 141279049888.1315 41314083754.23012 
19711.733883012814 1995.8526860914046 140534593123.45938 43820784954.00127 
22077.924830349915 2367.2664309390298 139746483543.19342 46313874607.33743 
24574.407932747323 2781.860588242215 138914977424.8112 48792582117.60338 
27200.3718181951 3241.9334760849997 138040345012.7978 51256141981.70116 
29954.963513700342 3749.7673226737757 137122870407.7192 53703794055.604416 
32837.28879475197 4307.6274773825435 136162851449.82573 56134783817.13637 
35846.41255096785 4917.761630453868 135160599597.26562 58548362625.86474 
38981.3591676736 5582.399041727454 134116439798.99211 60943787979.989944 
42241.112923152745 6303.749778759813 133030710362.45099 63320323770.10531 
45624.61840129819 7084.003964689783 131903762816.13835 65677240529.71125 
49130.78091938618 7925.331036195618 130735961767.12148 68013815682.36827 
52758.466970684756 8829.879011880113 129527684753.6188 70329333785.37663 
56506.50468160047 9799.773771410675 128279322092.73763 72623086769.87392 
60373.684283059025 10837.118345731487 126991276723.47084 74894374177.24474 
64358.758595807645 11943.99221865493 125663964045.05685 77142503391.74039 
68460.44352931977 13122.450640129198 124297811750.80887 79366789869.2095 
72677.41859397566 14374.523951468685 122893259657.52237 81566557361.84424 
77008.32742618569 15702.216922823121 121450759530.57178 83741138138.85008 
81451.77832611738 17107.508103150703 119970774904.8092 85889873202.95096 
86006.34480768073 18592.34918294964 118453780901.38026 88012112502.64485 
90670.56616042173 20158.66436999143 116900264040.57365 90107215140.12897 
95442.94802296825 21808.34977828815 115310722050.82294 92174549574.81702 
100321.96296766825 23543.272830514798 113685663673.98055 94213493822.37495 
105306.05109605596 25365.271674096395 112025608466.98524 96223435649.20547 
110393.62064477777 27276.1546111582 110331086600.04578 98203772762.31505 
115583.04860160619 29277.699542525974 108602638651.4645 100153912994.50131 
120872.6813311673 31371.653425951794 106840815399.22571 102073274484.80234 
126260.83521000418 33559.731748729384 105046177609.47446 103961285854.15315 
131745.79727059696 35843.618014851476 103219295822.01212 105817386376.19879 
137325.825853958 38224.96324685027 101360750132.93585 107641026143.21675 
142999.15127041933 40705.385502450496 99471129974.5495 109431666227.10583 
148763.97646822853 43286.46940615335 97551033892.67369 111188778835.402 
154618.4777095682 45969.76569585801 95601069321.48334 112911847462.28552 
160560.80525361426 48756.79078461627 93621852356.00075 114600367034.5479 
166589.08404624823 51649.026337604584 91614007522.37245 116253844052.49011 
172701.41441603866 54647.91886438665 89578167546.05795 117871796725.72818 
178895.87277610847 57754.879326528666 87514973118.05814 119453755103.88513 
185170.51233150522 60971.282760618466 85425072659.3107 120999261202.15237 
191523.36379169335 64298.46791672902 83309122083.37965 122507869121.70705 
197952.43608778904 67737.73691235605 81167784557.56519 123979145164.97536 
204455.7170941605 71290.35490184902 79001730262.55957 125412667945.73549 
211031.17435401876 74957.54976134466 76811636150.7739 126808028494.05719 
217676.7558086272 78740.5117892017 74598185703.45949 128164830356.07822 
224390.39052976068 82640.3934219256 72362068686.74707 129482689688.62157 
231169.9894550486 86658.30896556261 70103980906.72528 130761235348.66035 
238013.4461258401 90795.33434253231 67824623963.67918 132000108977.64052 
244918.63742723304 95052.50685385904 65524705005.60806 133198965080.67468 
251883.424329913 99430.82495675291 63204936481.140434 134357471100.62341 
258905.65263345253 103931.24805748256 60866035891.96252 135475307487.08334 
265983.15371072607 108554.69631947274 58508725544.875305 136552167760.30426 
273113.7452531 113302.05048655187 56133732303.59332 137587758570.06027 
280295.23201606335 118174.15172126573 53741787340.39668 138581799749.50278 
287525.4065649691 123171.80145816613 51333625887.746254 139534024364.0258 
294802.05002056225 128295.76127197528 48909986989.96992 140444178755.17654 
302122.9328039758 133546.7527605193 46471613255.12599 141312022579.64694 
309485.8153808824 138925.45744231678 44019250607.14795 142137328843.38382 
316888.4490044944 144432.5166687018 41553648038.37258 142919883930.85828 
324328.5764571124 150068.5315503537 39075557362.551704 143659487629.53647 
331803.93278992776 155834.06289809954 36585732968.44538 144355953149.59656 
339312.24606079166 161729.63117784922 34084931574.092518 145009107138.93848 
346851.2380696688 167755.7164795173 31573911981.852474 145618789693.53525 
354418.6250915021 173912.75849977948 29053434834.309166 146184854363.1763 
362012.1186062196 180201.15653850714 26524262371.126873 146707168152.655 
369629.4260256234 186621.2695087174 23987158186.94466 147185611518.45453 
377268.251416906 193173.41595987213 21442886990.394035 147620078360.9877 
384926.29622254736 199857.87411435408 18892214364.322166 148010476012.44785 
392601.259976352 206674.88191694475 16335906527.30061 148356725220.32913 
400290.8410153939 213624.63709712395 13774730096.49715 148658760126.67636 
407992.7371876429 220707.29724400767 11209451851.986023 148916528243.1254 
415704.6465550535 227922.97989373736 8640838502.569347 149129990421.79633 
423424.2680919051 235271.76262913024 6069656453.180275 149299120822.10278 
431149.3023781889 242753.6831913977 3496671573.9359655 149423906873.5418 
438877.45228784374 250368.73960373586 922648970.9060841 149504349234.52945 
446606.42367165175 258116.89030659012 -1651647241.3398092 149540461747.34805 
454333.92603460944 265998.054304393 -4225454165.3450236 149532271389.2721 
462057.6732075994 274012.1113235729 -6798010344.480038 149479818219.9401 
469775.38401319284 282158.90198163 -9368555984.702076 149383155325.04034 
477484.7829254219 290438.227967073 -11936333174.306038 149242348756.37915 
485183.60072336573 298849.8522300104 -14500586101.615168 149057477468.40045 
492869.5751384034 307393.4991831883 -17060561270.56217 148828633251.22592 
500540.4514949917 316068.8549132659 -19615507714.113724 148555920660.2853 
508193.9833448337 324875.56740211917 -22164677205.493618 148239456942.60648 
515827.93309431005 333813.24675796385 -24707324467.16198 147879371959.83508 
523440.0726250524 342881.4654560873 -27242707377.510212 147475808108.05386 
531028.1839075438 352079.7585889795 -29770087175.23349 147028920234.47116 
538590.0596076376 361407.62412565376 -32288728661.34475 146538875551.0487 
546123.5036858942 370864.52317994845 -34797900398.79623 146005853545.1382 
553626.3319896387 380449.8802876001 -37296874909.67671 145430045887.1962 
561096.3728376504 390163.0836918813 -39784928869.95463 144811656335.64636 
568531.4675973996 400003.48563759594 -42261343301.739136 144150900638.9583 
575929.4712547568 409970.40267322655 -44725403763.03336 143448006435.01108 
583288.2529760984 420063.1159610284 -47176400534.95577 142703213147.8097 
590605.6966627458 430280.87159486837 -49613628806.407585 141916771881.62228 
597879.7014976747 440622.8809256069 -52036388856.16599 141088945312.60486 
605108.1824844414 451088.32089382265 -54443986232.38466 140220007577.98026 
612289.0709782738 461676.33436968294 -56835731929.484795 139310244162.83728 
619420.3152092824 472386.0304997631 -59210942562.421745 138359951784.61517 
626499.880797753 483216.48506062146 -61568940538.313705 137369438275.33798 
633525.751261482 494166.74081893836 -63909054225.42076 136339022461.66281 
640495.9285151276 505235.80789802934 -66230618119.464035 135269034042.80484 
647408.4333615479 516422.664150546 -68532973007.27624 134159813466.40147 
654261.3059751049 527726.2555371801 -70815466127.77628 133011711802.37703 
661052.6063769177 539145.4965111888 -73077451330.26218 131825090614.86852 
667780.4149020498 550679.270408562 -75318289230.01773 130600321832.2722 
674442.8326586223 562326.4298436556 -77537347361.22974 129337787615.46971 
681037.9819788465 574085.7971101161 -79734000327.21396 128037880224.29143 
687564.0068619743 585956.1645869283 -81907629947.94896 126701001882.27412 
694019.0734091672 597936.2951494153 -84057625404.91843 125327564639.76863 
700401.3702502898 610024.9225850278 -86183383383.26353 123917990235.45236 
706709.1089626334 622220.7520137614 -88284308211.24791 122472709956.30061 
712940.5244815837 634522.4603130427 -90359811997.03894 120992164496.06943 
719093.8755032442 646928.6965469283 -92409314762.81003 119476803812.34172 
725167.4448790331 659438.0823994654 -94432244576.16934 117927086982.18741 
731159.5400022727 672049.212612065 -96428037678.92148 116343482056.48715 
737068.4931867924 684760.6554247414 -98396138613.1693 114726465912.96826 
742892.6620375708 697570.9530210759 -100336000344.76398 113076524108.00024 
748630.4298134424 710478.6219767649 -102247084384.11195 111394150727.19635 
754280.2057818959 723482.153711617 -104128860904.34822 109679848234.86642 
759840.4255659974 736580.0149448668 -105980808856.88611 107934127322.36523 
765309.5514834671 749770.6481536746 -107802416084.35411 106157506755.3794 
770686.0728779457 763052.4720346872 -109593179430.93103 104350513220.19485 
775968.5064424844 776423.8819685366 -111352604850.0911 102513681168.9859 
781155.3965352953 789883.2504871569 -113080207509.77126 100647552664.16551 
786245.3154877995 803428.9277438022 -114775511894.97318 98752677221.83578 
791236.8639050128 817059.2419856547 -116438051907.81291 96829611654.37614 
796128.6709583083 830772.5000289108 -118067370965.0316 94878919912.20589 
800919.3946705956 844566.9877362393 -119663022092.98055 92901172924.75662 
805607.7221939608 858440.9704965082 -121224568020.09471 90896948440.6892 
810192.3700798056 872392.6937066797 -122751581266.86862 88866830867.38843 
814672.0845415317 886420.3832557764 -124243644233.34875 86811411109.76822 
819045.6417098116 900522.2460108221 -125700349284.15678 84731286408.41837 
823311.8478804895 914696.4703046699 -127121298831.05821 82627060177.12358 
827469.5397551558 928941.2264256248 -128506105413.09082 80499341839.78413 
831517.5846744389 943254.6671087785 -129854391774.26735 78348746666.76659 
835454.8808440581 957634.9280289721 -131165790938.8671 76175895610.71217 
839280.3575536801 972080.1282953075 -132439946284.33078 73981415141.82945 
842992.9753886233 986588.3709471299 -133676511611.7731 71765937082.69687 
846591.7264344527 1001157.7434514073 -134875151214.1273 69530098442.60005 
850075.6344745072 1015786.3182014353 -136035539941.93582 67274541251.42779 
853443.7551804021 1030472.1530167973 -137157363266.8011 64999912393.14971 
856695.1762955475 1045213.291644514 -138240317342.51035 62706863438.89797 
859829.0178117242 1060007.7642613174 -139284109063.84775 60396050479.67432 
862844.4321387562 1074853.5879769875 -140288456123.1075 58068133958.70325 
865740.6042673195 1089748.7673386915 -141253087064.32077 55723778503.4511 
868516.7519249262 1104691.29483627 -142177741335.20917 53363652757.33031 
871172.1257251187 1119679.1514084104 -143062169336.87747 50988429211.10713 
873706.0093099142 1134710.3069496602 -143906132471.25735 48598784034.03077 
876117.7194855306 1149782.720818223 -144709403186.31406 46195396904.700836 
878406.606351431 1164894.3423444922 -145471765019.02713 43778950841.68973 
880572.0534227177 1180043.1113402727 -146193012636.15646 41350132033.9357 
882613.4777459083 1195226.9586086443 -146872951872.80386 38909629670.921936 
884530.330008123 1210443.8064544247 -147511399768.78024 36458135772.65634 
886322.0946397127 1225691.5691951874 -148108184602.78812 33996345019.466232 
887988.2899103558 1240968.1536727943 -148663145924.42847 31524954581.62164 
889528.4680186477 1256271.4597654033 -149176134584.04056 29044663948.800434 
890942.215175209 1271599.380899912 -149647012760.38278 26556174759.40806 
892229.151679334 1286949.804564802 -150075653986.16226 24060190629.764275 
893388.9319892024 1302320.612823345 -150461943171.42 21557416983.168888 
894421.2447856714 1317709.6828271379 -150805776624.7784 19048560878.858097 
895325.8130296676 1333114.887329932 -151107062072.55685 16534330840.86281 
896102.3940131948 1348534.0952017247 -151365718675.7608 14015436686.779936 
896750.7794039714 1363965.171943078 -151581677044.94928 11492589356.467419 
897270.7952837104 1379405.9801996367 -151754879252.9849 8966500740.67356 
897662.3021800532 1394854.3802768101 -151885278845.67 6437883509.610954 
897925.1950921664 1410308.2306545924 -151972840850.27222 3907450941.4852114 
898059.403510008 1425765.3885024865 -152017541781.94144 1375916750.988469 
898064.8914272692 1441223.7101945053 -152019369648.0205 -1156005082.232365 
897941.6573479961 1456681.0518242181 -151978323950.25055 -3687600485.1228237 
897689.7342868921 1472135.2697198149 -151894415684.87177 -6218155462.773748 
897309.1897633012 1487584.2209591575 -151767667340.61945 -8746956269.970043 
896800.1257888711 1503025.76388479 -151598112894.6149 -11273289582.72553 
896162.6788488921 1518457.7586188775 -151385797806.15 -13796442669.79407 
895397.0198773061 1533878.067578043 -151130779008.36334 -16315703564.14704 
894503.3542253787 1549284.5559880747 -150833124897.80594 -18830361234.407173 
893481.9216240259 1564675.0923984703 -150492915321.8932 -21339705756.228565 
892332.9961397832 1580047.5491967897 -150110241564.23962 -23843028483.612568 
891056.8861244061 1595399.8031227842 -149685206327.87216 -26339622220.149033 
889653.9341580867 1610729.7357822675 -149217923716.3172 -28828781390.172146 
888124.51698627 1626035.234160698 -148708519212.55618 -31309802209.81986 
886469.0454500539 1641314.1911364386 -148157129655.84357 -33781982857.985607 
884687.964410151 1656564.5059936575 -147563903216.3809 -36244623647.1507 
882781.7526643933 1671784.0849348342 -146928999367.83987 -38697027194.08541 
880750.9228587553 1686970.8415928348 -146252588857.72693 -41138498590.40639 
878596.0213918731 1702122.6975425186 -145534853675.58102 -43568345572.977715 
876317.628313032 1717237.5828118338 -144775987018.99646 -45985878694.14229 
873916.357213596 1732313.4363923639 -143976193257.46127 -48390411491.76997 
871392.8551118512 1747348.2067492814 -143135687894.0017 -50781260659.10833 
868747.8023312319 1762339.8523306642 -142254697524.62292 -53157746214.42119 
865981.9123718977 1777286.3420761295 -141333459795.53528 -55519191670.39991 
863095.9317756314 1792185.6559247382 -140372223358.15527 -57864924203.33146 
860090.6399840196 1807035.7853221188 -139371247821.8701 -60194274822.0069 
856966.8491898846 1821834.7337267625 -138330803704.55365 -62506578536.35326 
853725.4041819297 1836580.5171154323 -137251172380.82234 -64801174525.77106 
850367.1821825596 1851271.1644876353 -136132646028.01808 -67077406307.159065 
846893.0926788409 1865904.7183690974 -134975527569.9057 -69334621902.60722 
843304.077246559 1880479.2353141822 -133780130618.07181 -71572174006.73785 
839601.109367336 1894992.786407192 -132546779411.0118 -73789420153.67458 
835785.1942387655 1909443.4577624882 -131275808750.8913 -75985722883.61757 
831857.368577524 1923829.3510233609 -129967563937.9684 -78160449909.00294 
827818.7004154176 1938148.5838595822 -128622400702.66264 -80312974280.22324 
823670.2888883204 1952399.2904635703 -127240685135.25659 -82442674550.88512 
819413.2640179627 1966579.6220450893 -125822793613.21565 -84548934942.5796 
815048.7864865244 1980687.7473244085 -124369112726.11185 -86631145509.13916 
810578.0474039917 1994721.8530238413 -122880039198.137 -88688702300.35513 
806002.2680682323 2008680.144357582 -121355979808.19077 -90721007525.12805 
801322.6997177463 2022560.845519754 -119797351307.52908 -92727469714.0223 
796540.6232770487 2036362.2001705812 -118204580334.95845 -94707503881.19586 
791657.3490946399 2050082.471920593 -116578103329.56166 -96660531685.67484 
786674.2166735223 2063719.9448127663 -114918366440.94055 -98585981591.9411 
781592.594394219 2077272.9238025101 -113225825436.96161 -100483289029.80107 
776413.8792302532 2090739.7352353903 -111500945608.99034 -102351896553.50195 
771139.4964560461 2104118.7273224904 -109744201674.60066 -104191254000.06111 
765770.8993471935 2117408.270613307 -107956077677.74556 -106000818646.77301 
760309.5688730795 2130606.7584660626 -106137066886.3758 -107780055367.85733 
754757.0133817899 2143712.607515328 -104287671687.49367 -109528436790.21056 
749114.7682772871 2156724.2581368387 -102408403479.62924 -111245443448.22232 
743384.3956888091 2169640.174909381 -100499782562.72675 -112930563937.61682 
737567.4841324575 2182458.847073632 -98562338025.4295 -114583295068.27841 
731665.6481649418 2195178.7889878186 -96596607629.75208 -116203142016.01949 
725680.5280294465 2207798.5405800794 -94603137693.12888 -117789618473.24759 
719613.7892935915 2220316.66779738 -92582482967.82928 -119342246798.48756 
713467.1224794567 2232731.7630508626 -90535206517.72957 -120860558164.71365 
707242.2426856447 2245042.445657479 -88461879592.43292 -122344092706.44516 
700940.8892013571 2257247.3622777713 -86363081498.72958 -123792399665.55824 
694564.8251124633 2269345.1873496515 -84239399469.38957 -125205037535.76546 
688115.8368995405 2281334.6235180334 -82091428529.28163 -126581574205.71341 
681595.7340278699 2293214.4020601623 -79919771358.81279 -127921587100.64793 
675006.3485293738 2304983.283306489 -77725038154.68376 -129224663322.59502 
668349.5345764828 2316640.0570569285 -75507846487.9565 -130490399789.00484 
661627.1680479253 2328183.542992346 -73268821159.4311 -131718403369.80511 
654841.1460864327 2339612.5910810987 -71008594052.33049 -132908291022.80891 
647993.3866483609 2350926.0819804724 -68727803982.2922 -134059689927.42117 
641085.8280452281 2362122.9274328374 -66427096544.66808 -135172237616.58711 
634120.4284771757 2373202.070656354 -64107123959.13336 -136245582106.9248 
627099.1655583592 2384162.4867300503 -61768544911.60862 -137279382026.98315 
620024.0358342868 2395003.1829730906 -59412024393.498695 -138273306743.5657 
612897.0542911172 2405723.1993180583 -57038233538.254425 -139227036486.05988 
605720.2538569426 2416321.6086780634 -54647849455.26435 -140140262468.70993 
598495.6848950809 2426797.51730749 -52241555061.08499 -141012687010.77176 
591225.4146894072 2437150.065156197 -49820038908.0198 -141844023654.4863 
583911.526921761 2447378.426216975 -47383995010.05847 -142633997280.80786 
576556.1211414668 2457481.808866069 -44934122666.1899 -143382344222.82278 
569161.3122270155 2467459.4561965764 -42471126281.10367 -144088812376.79324 
561729.2298399542 2477310.646344508 -39995715183.29663 -144753161310.76028 
554262.0178710406 2487034.69280733 -37508603440.60307 -145375162370.63956 
546761.8338787229 2496630.9447547696 -35010509673.16847 -145954598783.74268 
539230.848520009 2506098.7873316933 -32502156863.888863 -146491265759.6567 
531671.2449737999 2515437.641952847 -29984272166.33958 -146984970588.41367 
524085.2183567617 2524646.9665892543 -27457586710.21923 -147435532735.8814 
516474.9751318199 2533726.256046065 -24922835404.33649 -147842783936.30716 
508842.7325093668 2542675.0422316496 -22380756737.169476 -148206568281.9445 
501190.7178412753 2551492.8944177246 -19832092575.029366 -148526742309.69427 
493521.16800782154 2560179.419490307 -17277587957.8621 -148803175084.68985 
485836.32879762363 2568734.262191283 -14717990892.724016 -149035748280.75668 
478138.45428071136 2577157.1053503836 -12154052144.969475 -149224356257.6768 
470429.8061748468 2585447.6701073567 -9586525027.19063 -149368906135.18774 
462712.6532052231 2593605.7161241258 -7016165185.95177 -149469317863.64655 
454989.2704576763 2601631.0417867266 -4443730386.362822 -149525524291.28864 
447261.93872554996 2609523.4843968092 -1869980294.5389044 -149537471228.01248 
439532.9438503602 2617282.9203525055 704323742.0049431 -149505117505.6205 
431804.5760564164 2624909.265318447 3278418915.972404 -149428435034.4474 
424079.12927955773 2632402.4743847307 5851541183.864141 -149307408856.30704 
416358.9004901756 2639762.5422146306 8422925491.459582 -149142037193.69052 
408646.1890106954 2646989.503180846 10991806001.143776 -148932331495.1471 
400943.29582770204 2654083.4314900925 13557416321.018532 -148678316476.78177 
393252.5228988977 2661044.4412958357 16118989735.734653 -148380030159.80316 
385576.1724550891 2667872.686798968 18675759438.97973 -148037523904.05637 
377916.5462974084 2674568.3623362384 21226958767.55352 -147650862437.4764 
370275.9450899782 2681131.702456245 23771821436.96065 -147220123881.39886 
362656.6676482398 2687562.9819828006 26309581778.447895 -146745399771.66525 
355061.0102231694 2693862.5160654886 28839474977.410973 -146226795075.462 
347491.26578161505 2700030.6602172316 31360737313.093437 -145664428203.83304 
339949.72328299406 2706067.8103386927 33872606399.497826 -145058431019.8072 
332438.6669525971 2711974.402729339 36374321427.42693 -144408948842.08344 
324960.375551753 2717750.914085001 38865123407.57078 -143716140444.21805 
317517.12164511456 2723397.861481767 41344255414.55244 -142980178049.25952 
310111.1708653329 2728915.8023460484 43810962831.843735 -142201247319.77893 
302744.7811753941 2734305.33441067 46264493597.45949 -141379547343.24496 
295420.20212889917 2739567.095656839 48704098450.336754 -140515290612.69492 
288139.67412857484 2744701.764241847 51129031177.30344 -139608703002.65475 
280905.4276833086 2749710.058412376 53538548860.53836 -138660023740.26337 
273719.6826640082 2754592.736403274 55931912125.422874 -137669505371.5585 
266584.647558592 2759350.596321687 58308385388.681984 -136637413722.88385 
259502.518726422 2763984.476016427 60667237106.71103 -135564027857.37926 
252475.4796524982 2768495.252932468 63007740023.981926 -134449640026.51816 
245505.70020173816 2772883.8439504774 65329171421.42111 -133294555616.65927 
238595.33587367012 2777151.2052112813 67630813364.64953 -132099093090.58167 
231746.52705787562 2781298.331925186 69911952951.97318 -130863583923.97533 
224961.39829052027 2785326.2581660785 72171882562.01111 -129588372536.86195 
218242.057512318 2789236.056650239 74409900100.84604 -128273816219.92348 
211590.59532827756 2793028.8384998045 76625309248.58127 -126920285055.71886 
205009.08426958544 2796705.752990835 78817419705.18617 -125528161834.77249 
198499.57805798252 2800267.9872859437 80985547435.51091 -124097841966.52077 
192064.11087299674 2803716.7661514576 83129014913.35002 -122629733385.10637 
185704.6966223969 2807053.3516590856 85247151364.43309 -121124256450.01306 
179423.32821623646 2810279.042872087 87339293008.21971 -119581843841.53702 
173221.97684485908 2813395.1755159334 89404783298.3749 -118002940451.09412 
167102.59126124074 2816403.121633475 91442973161.80008 -116388003266.36583 
161067.09706804546 2819304.28922463 93453221236.09424 -114737501251.28993 
155117.3960097736 2822100.1218706234 95434894105.31871 -113051915220.90573 
149255.36527038415 2824792.098342818 97387366533.93886 -111331737711.06694 
143482.8567767734 2827381.732196188 99310021698.81512 -109577472843.03905 
137801.6965084936 2829870.571347491 101202251419.11575 -107789636183.0016 
132213.6838140962 2832260.19763822 103063456384.02296 -105968754596.47945 
126720.5907344847 2834552.2263824125 104893046378.10455 -104115366097.73074 
121324.16133366174 2836748.3058994086 106690440504.2226 -102230019694.12338 
116026.1110372557 2838850.1170316744 108455067403.85107 -100313275225.53496 
110828.12597921019 2840859.372647797 110186365474.67464 -98365703198.81541 
105731.86235702 2842777.817130789 111883783085.34084 -96387884617.35527 
100738.94579589473 2844607.225851833 113546778787.23874 -94380410805.80615 
95850.97072223003 2846349.404629627 115174821523.17752 -92343883230.00409 
91069.4997467638 2848006.1891754894 116767390832.83925 -90278913312.14992 
86396.06305779237 2849579.444524398 118323977054.88095 -88186122241.305 
81832.15782481864 2851071.0644521504 119844081525.56213 -86066140779.26418 
77379.24761300054 2852482.9708788423 121327216773.77502 -83919609061.87189 
73038.76180876463 2853817.1132588745 122772906712.35602 -81747176395.85081 
68812.09505694533 2855075.4679577057 124180686825.55826 -79549501051.21661 
64700.60670980572 2856260.0376155847 125550104352.56686 -77327250049.35567 
60705.6202882907 2857372.850498505 126880718466.93987 -75081098946.84674 
56828.42295585814 2858415.959836635 128172100451.85976 -72811731615.11096 
53070.265005227724 2859391.443150485 129423833871.08261 -70519840015.97823 
49432.35935838099 2860301.4015650926 130635514735.47357 -68206123973.26166 
45915.881080139596 2861147.959112507 131806751665.01979 -65871290940.43539 
42521.966905641726 2861933.262022868 132937166046.21432 -63516055764.51428 
39251.71478202947 2862659.4780043927 134026392184.70682 -61141140446.23764 
36106.18342465202 2863328.7955125803 135074077453.11932 -58747273896.66229 
33086.3918880817 2863943.4230089597 136079882433.92844 -56335191690.27377 
30193.319152231266 2864505.588209722 137043481057.3176 -53905635814.72734 
27427.903723852203 2865017.537324581 137964560733.90646 -51459354417.33384 
24791.043253684595 2865481.53428621 138842822482.2672 -48997101548.408356 
22283.594169519703 2865899.8599706274 139677981051.1407 -46519636901.60245 
19906.371325426622 2866274.811408893 140469765036.26886 -44027725551.34369 
17660.14766738426 2866608.7009905023 141217916991.76318 -41522137687.50894 
15545.653915549517 2866903.8556588595 141922193535.93173 -39003648347.460266 
13563.57826338187 2867162.6160992305 142582365451.49213 -36473037145.57507 
11714.566093833539 2867387.3359195716 143198217780.1004 -33931088000.404343 
9999.219712803275 2867580.380824648 143769549911.12976 -31378588859.59506 
8418.098100040277 2867744.127783852 144296175664.63727 -28816331422.71519 
6971.71667767301 2867880.96419315 144777923368.46024 -26245110862.1215 
5660.54709652579 2867993.2870315737 145214635929.3879 -23665725542.012375 
4485.017040373841 2868083.5020127 145606170898.35843 -21078976735.809685 
3445.5100482751513 2868154.0227315472 145952400529.63498 -18485668342.01516 
2542.3653551049565 2868207.269807337 146253211833.9191 -15886606598.688433 
1775.8777504059785 2868245.670022558 146508506625.36362 -13282599796.695103 
1146.2974556546997 2868271.655458791 146718201562.45166 -10674457991.874441 
653.8300200309897 2868287.6626297403 146882228182.71274 -8062992716.277401 
298.6362347653177 2868296.131611928 147000532931.25125 -5449016688.626497 
80.83206612459495 2868299.505173512 147073077183.06693 -2833343524.149906 
0.4886070844363486 2868300.227901682 147099837259.15143 -216787443.9427309 
-5.311864212201224 2868300.232217214 147101769227.915 1091609518.6785839 
